size(bytes) Cmemmove(GB/s) Dmemmove(GB/s)
1 0.259933 0.317892
2 0.438766 0.547331
3 0.658012 0.690869
4 1.01255 0.820705
5 1.2654 0.908856
6 1.51833 0.984775
7 1.7719 1.04436
8 2.02455 1.09377
9 2.27842 1.13338
10 2.53162 1.17321
11 2.78455 1.20527
12 3.03768 1.23245
13 3.2907 1.25793
14 3.54416 1.27896
15 3.7973 1.29903
16 5.26423 1.31636
17 5.59423 3.72963
18 5.92372 3.94877
19 6.25326 4.16876
20 6.57738 4.38271
21 6.90632 4.60666
22 7.23344 4.82544
23 7.56498 5.04496
24 7.89676 5.26284
25 8.22189 5.48298
26 8.5514 5.70286
27 8.88087 5.92336
28 9.20912 6.1431
29 9.54376 6.36184
30 9.86401 6.58129
31 10.2016 6.7975
32 10.5287 7.01998
33 8.34982 7.25398
34 8.60455 7.50837
35 8.85519 7.76428
36 9.10856 7.9866
37 9.36098 8.25801
38 9.60951 8.5222
39 9.86499 8.79588
40 10.126 9.02613
41 10.3745 9.28649
42 10.6229 9.5778
43 10.8794 9.85077
44 11.1379 10.1173
45 11.3914 10.3521
46 11.6393 10.6399
47 11.893 10.9135
48 12.1435 11.1724
49 12.3975 11.4199
50 12.6513 11.6269
51 12.902 11.8625
52 13.1661 12.1172
53 13.4176 12.3072
54 13.6573 12.5559
55 13.9145 12.7723
56 14.1812 13.0751
57 14.4276 13.2556
58 14.6713 13.5221
59 14.9219 13.7337
60 15.1863 14
61 15.4344 14.1989
62 15.683 14.4848
63 15.9455 14.6947
64 16.1921 14.8861
65 11.9038 14.9256
66 12.1056 14.9782
67 12.3061 15.1023
68 12.5202 15.0836
69 12.727 15.2017
70 12.9365 15.1701
71 13.145 15.3343
72 13.3537 15.3253
73 13.5679 15.3678
74 13.7677 15.3217
75 13.9853 15.4274
76 14.1935 15.4226
77 14.4141 15.4651
78 14.627 15.3983
79 14.8402 15.4043
80 15.0494 15.4365
81 15.2669 15.6323
82 15.4818 15.853
83 15.7036 16.0264
84 15.9175 16.1882
85 16.1341 16.4346
86 16.34 16.609
87 16.5676 16.7899
88 16.7988 17.0147
89 16.5443 17.1693
90 16.7483 17.3856
91 16.9636 17.584
92 17.1767 17.7751
93 17.4122 17.9776
94 17.6254 18.1736
95 17.851 18.3417
96 18.061 18.556
97 18.282 18.5816
98 18.5048 18.5749
99 18.714 18.5659
100 18.9612 18.5819
101 19.1734 18.5956
102 19.3934 18.5998
103 19.6041 18.6068
104 19.8325 18.5978
105 19.5014 18.5876
106 19.7269 18.5758
107 19.9407 18.5599
108 20.0222 18.4815
109 20.3868 18.5132
110 20.6201 18.4958
111 20.839 18.4536
112 21.08 18.4099
113 21.3127 18.5723
114 21.5277 18.7422
115 21.7356 18.9157
116 21.9714 19.0887
117 22.1978 19.2482
118 22.4247 19.4079
119 22.6694 19.5694
120 22.9107 19.731
121 23.151 19.8981
122 23.3479 20.0711
123 23.5984 20.2321
124 23.7927 20.3881
125 24.0645 20.5463
126 24.2859 20.7052
127 24.5583 20.8693
128 24.7777 21.0391
129 24.8352 21.0312
130 24.9091 21.0357
131 24.9359 21.0353
132 24.9689 20.9899
133 25.0107 20.9806
134 25.0482 20.9538
135 25.0808 20.9244
136 25.1056 20.8958
137 25.1256 20.8745
138 25.145 20.8263
139 25.1479 20.8208
140 25.1694 20.7863
141 25.2198 20.7146
142 25.2414 20.6835
143 25.2196 20.649
144 25.2512 20.5857
145 25.3417 20.7527
146 25.329 20.8774
147 25.3438 21.022
148 25.3322 21.164
149 25.3422 21.2917
150 25.3291 21.443
151 25.3259 21.601
152 25.3205 21.7436
153 28.0511 21.8778
154 28.0351 22.0158
155 28.0732 22.1558
156 28.0726 22.2649
157 28.0661 22.4275
158 28.0632 22.5795
159 28.036 22.7243
160 28.0694 22.8734
161 28.1329 22.86
162 28.1014 22.7643
163 28.1 22.8078
164 28.0696 22.7707
165 28.0803 22.7487
166 28.0433 22.7172
167 28.0416 22.6643
168 28.0074 22.6409
169 30.9905 22.5994
170 30.9486 22.5695
171 30.9329 22.5308
172 30.9203 22.4744
173 30.9121 22.4183
174 30.9353 22.364
175 30.9079 22.3246
176 30.8449 22.2635
177 30.9111 22.3898
178 30.8751 22.537
179 30.8463 22.6325
180 30.7859 22.7819
181 30.7448 22.8819
182 30.7181 23.0262
183 30.7249 23.1361
184 30.6811 23.2815
185 30.5772 23.3791
186 30.4991 23.5464
187 30.4694 23.656
188 30.4235 23.7933
189 30.3444 23.8942
190 30.2893 24.0118
191 30.3028 24.1352
192 30.1827 24.2978
193 30.2675 24.2639
194 30.2833 24.2207
195 30.2872 24.1656
196 30.3123 24.1628
197 30.2673 24.1177
198 30.2562 24.0929
199 30.3141 24.0346
200 30.3242 23.9698
201 30.2579 23.9486
202 30.2995 23.9064
203 30.2826 23.8584
204 30.2548 23.8074
205 30.2654 23.7333
206 30.2004 23.7018
207 30.2021 23.6661
208 30.0537 23.5941
209 30.2348 23.7014
210 30.2053 23.8103
211 30.1997 23.9059
212 30.1136 24.0301
213 30.1265 24.1445
214 30.0617 24.2564
215 30.1058 24.3724
216 30.0389 24.4789
217 32.7161 24.5834
218 31.9633 24.4047
219 32.6649 24.8233
220 32.5813 24.9523
221 32.5839 25.0678
222 32.5749 25.1904
223 32.5131 25.3077
224 32.3665 25.4029
225 32.5558 25.3427
226 32.5225 25.2891
227 32.4021 25.2458
228 32.4782 25.2509
229 32.3582 25.232
230 32.362 25.1622
231 32.2635 25.1306
232 32.2914 25.0945
233 31.8432 25.01
234 31.9422 24.9614
235 32.1005 24.9196
236 32.1584 24.8684
237 32.3066 24.8322
238 32.4304 24.7886
239 32.5629 24.7155
240 32.2874 24.6515
241 32.5047 24.7593
242 32.4467 24.8383
243 32.4385 24.9666
244 32.5043 25.0488
245 32.4252 25.1816
246 32.4735 25.3025
247 32.4399 25.3604
248 32.4221 25.4771
249 34.4257 25.592
250 34.3504 25.6691
251 34.3429 25.7854
252 34.2916 25.8931
253 34.1966 25.9859
254 34.1234 26.1111
255 34.1218 26.1884
256 33.857 26.329
500 42.0055 29.3331
700 44.1004 31.0827
3434 33.7103 40.9999
7128 35.3305 46.3336
13908 35.4702 49.0755
16343 35.1248 49.5929
27897 35.7868 50.8079
32344 35.5144 48.6491
46830 33.0798 33.4749
64349 33.2682 34.0089
rdmd -O -inline -m64 --build-only benchmarks.d Dmemset.d
./benchmarks
