size(bytes) Cmemmove(GB/s) Dmemmove(GB/s)
1 0.266315 0.271297
2 0.437014 0.437052
3 0.655762 0.655488
4 1.00555 1.00958
5 1.26136 1.26135
6 1.51326 1.51248
7 1.76645 1.76641
8 2.01984 2.01637
9 2.27038 2.26965
10 2.52099 2.52251
11 2.77702 2.77184
12 3.01652 3.02845
13 3.28142 3.28068
14 3.53265 3.53223
15 3.78054 3.78677
16 5.24901 5.24638
17 5.57668 5.57436
18 5.89853 5.90385
19 6.22978 6.23323
20 6.5394 6.56212
21 6.89116 6.88094
22 7.21566 7.21597
23 7.54578 7.54303
24 7.8746 7.86849
25 8.20086 8.20143
26 8.52886 8.53053
27 8.87437 8.86304
28 9.20902 9.20563
29 9.5047 9.54021
30 9.86136 9.86099
31 10.1914 10.17
32 10.5221 10.4947
33 8.34627 8.33507
34 8.60257 8.60181
35 8.85821 8.8571
36 9.10945 9.10992
37 9.35939 9.3331
38 9.61488 9.61228
39 9.86893 9.85876
40 10.1188 10.1189
41 10.3766 10.3735
42 10.6265 10.6268
43 10.8746 10.8764
44 11.1322 11.1382
45 11.3902 11.3577
46 11.643 11.6344
47 11.8801 11.8757
48 12.1371 12.1362
49 12.3989 12.3896
50 12.6566 12.6507
51 12.9027 12.9062
52 13.1567 13.1506
53 13.4128 13.3656
54 13.6627 13.6597
55 13.9098 13.9091
56 14.1567 14.1602
57 14.4135 14.4112
58 14.6712 14.665
59 14.9271 14.923
60 15.1862 15.1863
61 15.4258 15.4247
62 15.6359 15.6827
63 15.9438 15.9341
64 16.1798 16.1275
65 11.9029 11.8981
66 12.0987 12.1046
67 12.306 12.3064
68 12.5181 12.5141
69 12.7212 12.7276
70 12.9325 12.8866
71 13.1253 13.1355
72 13.3538 13.3533
73 13.5552 13.556
74 13.7575 13.7629
75 13.9771 13.976
76 14.1851 14.1855
77 14.4051 14.3964
78 14.5784 14.6233
79 14.8288 14.8239
80 15.0339 15.0393
81 14.8236 14.8274
82 15.0445 15.0406
83 15.2317 15.2375
84 15.4459 15.4585
85 15.664 15.6708
86 15.8809 15.8698
87 16.0841 15.8163
88 16.2885 16.2998
89 16.5258 16.525
90 16.7436 16.7503
91 16.9665 16.9697
92 17.173 17.1768
93 17.3905 17.3884
94 17.6252 17.6174
95 17.4998 17.1485
96 18.0589 18.0668
97 17.7659 17.7598
98 17.9747 17.9648
99 18.1943 18.1801
100 18.3917 18.4142
101 18.6018 18.6163
102 18.844 18.8512
103 19.0487 19.0544
104 19.2758 19.2839
105 19.5069 19.4962
106 19.7282 19.7274
107 19.9509 19.9502
108 20.1654 20.1454
109 20.3953 20.3962
110 20.6223 20.6314
111 20.8333 20.8331
112 21.0613 21.0607
113 21.2918 21.3034
114 21.5278 21.5256
115 21.7448 21.7465
116 21.981 21.9826
117 22.2056 22.2054
118 22.4372 22.4336
119 22.6608 22.6699
120 22.8883 22.9102
121 23.1061 23.1139
122 23.3596 23.3584
123 23.5813 23.5246
124 23.8126 23.8156
125 24.0744 24.0747
126 24.2838 24.2867
127 24.5019 24.5005
128 24.7777 24.7752
129 24.8336 24.8329
130 24.8523 24.8644
131 24.8965 24.8984
132 24.9794 24.9791
133 25.0129 25.0167
134 25.044 25.048
135 24.9964 25.0462
136 25.0986 25.0892
137 25.1244 25.1361
138 25.0569 25.1133
139 25.156 25.156
140 25.1787 25.1821
141 25.2027 25.2031
142 25.1993 25.2063
143 25.2165 25.2214
144 25.2376 25.2423
145 27.8895 27.8564
146 27.951 27.9467
147 27.9344 27.9359
148 27.979 27.9768
149 27.971 27.9751
150 28.0214 28.0004
151 28.0198 28.0131
152 28.0433 28.0694
153 28.0527 28.0597
154 28.0294 28.0436
155 28.0324 28.0269
156 28.0713 28.0762
157 28.068 28.0629
158 28.0399 28.0422
159 28.0328 28.0331
160 28.0328 28.0283
161 30.9419 30.9979
162 30.9312 31.0124
163 31.0305 31.0358
164 31.0387 31.0242
165 30.985 31.0179
166 30.9583 31.0314
167 31.014 31.0279
168 30.9478 31
169 30.9433 30.878
170 30.9313 30.9322
171 30.0452 29.9157
172 30.9371 30.9231
173 30.9105 30.9023
174 30.8826 30.906
175 30.8422 30.8533
176 30.7713 30.7847
177 30.8978 30.9151
178 30.8669 30.8926
179 30.7412 30.8125
180 30.7981 30.7996
181 30.7216 30.7736
182 30.7086 30.7057
183 30.6743 30.6775
184 30.611 30.4491
185 30.5694 30.5751
186 30.5345 30.5095
187 30.4827 30.4831
188 30.4407 30.4397
189 30.3959 30.3946
190 30.339 30.3488
191 30.2912 30.2834
192 30.1263 30.1263
193 30.2648 30.2709
194 30.2818 30.2754
195 30.2941 30.3034
196 30.3153 30.3234
197 30.2686 30.2679
198 30.2845 30.2906
199 30.3169 30.3165
200 30.2571 30.2115
201 30.2582 30.2768
202 30.289 30.287
203 30.2544 30.2556
204 30.2398 30.2387
205 30.207 30.2055
206 30.2094 30.2132
207 30.2178 30.2199
208 30.0809 30.082
209 32.8117 32.8154
210 32.7525 32.753
211 32.7771 32.7804
212 32.7297 32.7367
213 32.7688 32.7526
214 32.7158 32.7095
215 32.7341 32.7383
216 32.6832 32.6905
217 32.5506 32.4495
218 32.6566 32.6753
219 32.6197 32.6189
220 32.6325 32.6325
221 32.5737 32.5782
222 32.5424 32.5429
223 32.5573 32.5464
224 32.3813 32.3682
225 35.2434 35.35
226 35.2847 35.2899
227 35.2412 35.2417
228 35.1812 35.1854
229 35.23 35.2292
230 35.1889 35.1926
231 35.1366 35.1263
232 35.0549 35.1603
233 35.1096 35.0864
234 35.0497 35.0388
235 35.0156 34.962
236 34.9573 34.9358
237 34.9611 34.9895
238 34.9016 34.9103
239 34.8718 34.8885
240 34.6865 34.7103
241 34.7872 34.8055
242 34.7753 34.7762
243 34.716 34.7591
244 34.6849 34.6786
245 34.672 34.659
246 34.6031 34.5876
247 34.5198 34.5105
248 34.4999 34.4931
249 34.428 34.4371
250 34.3364 34.3577
251 34.3332 34.3172
252 34.264 34.2643
253 34.1776 34.1873
254 34.1043 34.0847
255 34.023 34.0377
256 33.8827 33.8696
500 42.0036 41.9978
700 44.1158 44.1057
3434 34.9435 34.9546
7128 35.3516 35.3568
13908 35.6189 35.6274
16343 35.4536 35.464
27897 35.7871 35.8086
32344 35.6294 35.5993
46830 33.0637 33.0505
64349 33.242 33.2621
gdc -O3 -m64 benchmarks.d Dmemset.d -o benchmarks
./benchmarks
