size(bytes) Cmemmove(GB/s) Dmemmove(GB/s)
1 0.268375 0.270123
2 0.438098 0.438451
3 0.657534 0.657605
4 1.0117 1.01152
5 1.26334 1.26501
6 1.50191 1.50517
7 1.77049 1.77109
8 2.02312 2.0235
9 2.27692 2.27793
10 2.52981 2.52909
11 2.78264 2.76753
12 3.03631 3.03617
13 3.2887 3.28998
14 3.52964 3.54099
15 3.79559 3.79622
16 5.26225 5.25907
17 5.58883 5.5855
18 5.91904 5.91968
19 6.25089 6.24925
20 6.57787 6.5777
21 6.90914 6.90668
22 7.23757 7.2365
23 7.56582 7.56678
24 7.89733 7.89667
25 8.22428 8.22445
26 8.55484 8.55411
27 8.87938 8.88163
28 9.20859 9.20608
29 9.54038 9.53872
30 9.86543 9.86987
31 10.193 10.1732
32 10.528 10.4925
33 8.34906 8.3457
34 8.60208 8.60546
35 8.85822 8.85802
36 9.11254 9.11273
37 9.36282 9.36414
38 9.61522 9.60991
39 9.86801 9.86574
40 10.1229 10.1244
41 10.3745 10.3753
42 10.6296 10.6262
43 10.8807 10.8826
44 11.1362 11.1367
45 11.3733 11.3753
46 11.6424 11.6378
47 11.8938 11.8927
48 12.1405 12.1331
49 12.395 12.4042
50 12.6545 12.6535
51 12.8916 12.9016
52 13.1614 13.1659
53 13.4139 13.4167
54 13.6609 13.6514
55 13.9166 13.9162
56 14.1613 14.1586
57 14.4124 14.4028
58 14.6747 14.6767
59 14.9245 14.9302
60 15.1733 15.1844
61 15.4285 15.4074
62 15.687 15.6805
63 15.9214 15.9523
64 16.1939 16.1654
65 11.8761 11.8821
66 12.0595 12.0466
67 12.2406 12.2424
68 12.4298 12.4313
69 12.5984 12.5804
70 12.7658 12.7659
71 12.9708 12.9674
72 13.1403 13.1573
73 13.3073 13.3119
74 13.5213 13.5191
75 13.6867 13.6991
76 13.8822 13.8848
77 14.0624 14.0676
78 14.2557 14.254
79 14.4357 14.4184
80 14.6136 14.6134
81 14.8006 14.8019
82 14.9891 14.9772
83 15.1667 15.1625
84 15.3439 15.343
85 15.5118 15.5218
86 15.7082 15.7132
87 15.8983 15.9004
88 16.0653 16.0666
89 16.2732 16.2676
90 16.4487 16.4485
91 16.6322 16.6193
92 16.8159 16.8236
93 16.9732 16.9828
94 17.1626 17.1805
95 17.3504 17.3469
96 17.5548 17.5485
97 18.2436 18.2188
98 18.4265 18.4334
99 18.6226 18.5814
100 18.7823 18.7942
101 18.966 18.9547
102 19.1895 19.1851
103 19.37 19.3494
104 19.5641 19.5657
105 19.7475 19.7521
106 19.9365 19.9227
107 20.1307 20.1261
108 20.3074 20.2997
109 20.4884 20.4876
110 20.681 20.703
111 20.8616 20.8682
112 21.0566 21.0613
113 21.8708 21.8607
114 22.0625 22.0555
115 22.2483 22.2412
116 22.4228 22.4336
117 22.6351 22.6309
118 22.8252 22.8299
119 23.0253 23.0128
120 23.2362 23.2302
121 23.3932 23.3838
122 23.5755 23.5974
123 23.8198 23.745
124 23.9819 23.9627
125 24.1921 24.1283
126 24.3195 24.3346
127 24.5299 24.5421
128 24.7411 24.7775
129 24.9444 24.9507
130 25.1306 25.121
131 25.3166 25.2853
132 25.5573 25.5514
133 25.7464 25.7443
134 25.9426 25.909
135 26.126 26.1367
136 26.3283 26.3298
137 26.5209 26.5318
138 26.6372 26.6684
139 26.8603 26.8676
140 27.0739 27.0665
141 27.2883 27.2592
142 27.456 27.4284
143 27.6431 27.6486
144 27.8404 27.8689
145 28.0116 28.0241
146 28.2429 28.2439
147 28.3227 28.3643
148 28.583 28.5989
149 28.7787 28.7915
150 29.0271 28.9987
151 29.1944 29.1842
152 29.4314 29.4234
153 29.569 29.5622
154 29.7629 29.7681
155 29.9371 29.9453
156 30.1768 30.1748
157 30.3679 30.3725
158 30.5351 30.5554
159 30.7231 30.6972
160 30.9049 30.9139
161 28.2646 28.2457
162 28.4558 28.4353
163 28.597 28.6024
164 28.7968 28.7877
165 28.9386 28.9577
166 29.1329 29.1339
167 29.311 29.3154
168 29.504 29.4987
169 29.5601 29.4464
170 29.7634 29.785
171 29.9446 29.9387
172 30.1869 30.1491
173 30.3706 30.3566
174 30.5484 30.5459
175 30.6726 30.7042
176 30.8427 30.845
177 27.8936 27.8925
178 28.0137 28.0479
179 28.1974 28.196
180 28.3469 28.3528
181 28.5061 28.4849
182 28.6647 28.6599
183 28.8105 28.8178
184 28.9544 28.9307
185 29.1323 29.1319
186 29.2881 29.2919
187 29.4517 29.4072
188 29.5728 29.5512
189 29.7844 29.7891
190 29.9534 29.9528
191 30.1201 30.0918
192 30.126 30.1272
193 30.3974 30.3962
194 30.5339 30.5638
195 30.7433 30.7413
196 30.9143 30.9186
197 31.0095 30.9927
198 31.1987 31.1945
199 31.3843 31.3835
200 31.4555 31.2802
201 31.671 31.666
202 31.8395 31.8433
203 31.9338 31.9558
204 32.1517 32.1524
205 32.2726 32.2629
206 32.4205 32.3883
207 32.5976 32.5893
208 32.6468 32.6505
209 32.9314 32.9501
210 33.0566 33.0586
211 33.2539 33.2626
212 33.3706 33.342
213 33.5821 33.5818
214 33.6874 33.6839
215 33.9039 33.8721
216 34.0211 34.0207
217 34.1048 33.9496
218 34.2754 34.3518
219 34.4301 34.4688
220 34.6832 34.6815
221 34.8072 34.8042
222 34.8925 34.8162
223 35.1247 35.1339
224 35.1595 35.1544
225 26.479 26.465
226 26.5831 26.581
227 26.6661 26.6665
228 26.7633 26.7779
229 26.937 26.9393
230 27.0478 27.0447
231 27.1348 27.1381
232 27.2951 27.2938
233 27.4013 27.4063
234 27.485 27.5077
235 27.6208 27.6106
236 27.7205 27.7136
237 27.8606 27.8249
238 27.9515 27.956
239 28.0951 28.0864
240 28.1123 28.139
241 18.6894 18.6893
242 18.7803 18.769
243 18.8464 18.8109
244 18.9154 18.8777
245 19.008 18.9601
246 18.8266 18.7299
247 18.9461 18.7946
248 19.2251 19.1497
249 19.3068 19.2086
250 19.3639 19.2539
251 19.4694 19.3389
252 19.5422 19.4029
253 19.6113 19.4563
254 19.711 19.5418
255 19.7823 19.5987
256 19.4879 19.2485
500 40.3951 40.3961
700 43.6198 43.6545
3434 33.9451 34.0109
7128 34.9127 34.917
13908 35.4029 35.3983
16343 35.2599 35.2165
27897 35.6616 35.6582
32344 35.7024 35.6303
46830 33.1015 33.0932
64349 33.2585 33.2843
gdc -O3 -m64 benchmarks.d Dmemset.d -o benchmarks
./benchmarks
